99.91304347826086
99.82608695652175
99.73913043478261
99.65217391304347
99.56521739130434
99.47826086956522
99.39130434782608
99.30434782608695
99.21739130434783
99.1304347826087
99.04347826086956
98.95652173913044
98.86956521739131
98.78260869565217
98.69565217391305
98.60869565217392
98.52173913043478
98.43478260869564
98.34782608695653
98.26086956521739
98.17391304347825
98.08695652173913
98.0
97.91304347826087
97.82608695652173
97.73913043478261
97.65217391304348
97.56521739130434
97.47826086956522
97.3913043478261
97.30434782608695
97.21739130434783
97.1304347826087
97.04347826086956
96.95652173913044
96.86956521739131
96.78260869565217
96.69565217391303
96.60869565217392
96.52173913043478
96.43478260869566
96.34782608695652
96.26086956521739
96.17391304347827
96.08695652173913
96.0
95.91304347826087
95.82608695652173
95.73913043478261
95.65217391304348
95.56521739130434
95.47826086956522
95.3913043478261
95.30434782608695
95.21739130434783
95.1304347826087
95.04347826086956
94.95652173913044
94.86956521739131
94.78260869565217
94.69565217391305
94.6086956521739
94.52173913043478
94.43478260869566
94.34782608695652
94.26086956521739
94.17391304347827
94.08695652173913
94.0
93.91304347826087
93.82608695652173
93.73913043478261
93.65217391304348
93.56521739130434
93.47826086956522
93.3913043478261
93.30434782608695
93.21739130434783
93.13043478260869
93.04347826086956
92.95652173913044
92.8695652173913
92.78260869565217
92.69565217391305
92.6086956521739
92.52173913043478
92.43478260869566
92.34782608695652
92.26086956521739
92.17391304347827
92.08695652173913
92.0
91.91304347826087
91.82608695652173
91.73913043478261
91.65217391304348
91.56521739130434
91.47826086956522
91.39130434782608
91.30434782608695
91.21739130434783
91.13043478260869
91.04347826086958
90.95652173913044
90.8695652173913
90.78260869565217
90.69565217391305
90.6086956521739
90.52173913043478
90.43478260869566
90.34782608695652
90.26086956521739
90.17391304347827
90.08695652173913
90.0
89.91304347826087
89.82608695652175
89.73913043478261
89.65217391304347
89.56521739130436
89.47826086956522
89.39130434782608
89.30434782608697
89.21739130434783
89.13043478260869
89.04347826086956
88.95652173913044
88.8695652173913
88.78260869565217
88.69565217391305
88.6086956521739
88.52173913043478
88.43478260869566
88.34782608695653
88.26086956521739
88.17391304347825
88.08695652173914
88.0
87.91304347826086
87.82608695652175
87.73913043478261
87.65217391304347
87.56521739130434
87.47826086956522
87.39130434782608
87.30434782608695
87.21739130434783
87.1304347826087
87.04347826086956
86.95652173913044
86.86956521739131
86.78260869565217
86.69565217391305
86.60869565217392
86.52173913043478
86.43478260869564
86.34782608695653
86.26086956521739
86.17391304347825
86.08695652173914
86.0
85.91304347826086
85.82608695652173
85.73913043478261
85.65217391304348
85.56521739130434
85.47826086956522
85.3913043478261
85.30434782608695
85.21739130434783
85.1304347826087
85.04347826086956
84.95652173913044
84.86956521739131
84.78260869565217
84.69565217391303
84.60869565217392
84.52173913043478
84.43478260869566
84.34782608695653
84.26086956521739
84.17391304347827
84.08695652173913
84.0
83.91304347826087
83.82608695652173
83.73913043478261
83.65217391304348
83.56521739130434
83.47826086956522
83.3913043478261
83.30434782608695
83.21739130434781
83.1304347826087
83.04347826086956
82.95652173913044
82.86956521739131
82.78260869565217
82.69565217391305
82.6086956521739
82.52173913043478
82.43478260869566
82.34782608695652
82.26086956521739
82.17391304347827
82.08695652173913
82.0
81.91304347826087
81.82608695652173
81.73913043478261
81.65217391304348
81.56521739130434
81.47826086956522
81.3913043478261
81.30434782608695
81.21739130434783
81.1304347826087
81.04347826086956
80.95652173913044
80.8695652173913
80.78260869565217
80.69565217391305
80.6086956521739
80.52173913043478
80.43478260869566
80.34782608695652
80.26086956521739
80.17391304347827
80.08695652173913
80.0
79.91304347826087
79.82608695652173
79.73913043478261
79.65217391304348
79.56521739130434
79.47826086956522
79.3913043478261
79.30434782608695
79.21739130434783
79.13043478260869
79.04347826086958
78.95652173913044
78.8695652173913
78.78260869565217
78.69565217391305
78.6086956521739
78.52173913043478
78.43478260869566
78.34782608695652
78.26086956521739
78.17391304347827
78.08695652173913
78.0
77.91304347826087
77.82608695652173
77.73913043478261
77.65217391304347
77.56521739130436
77.47826086956522
77.39130434782608
77.30434782608697
77.21739130434783
77.13043478260869
77.04347826086956
76.95652173913044
76.8695652173913
76.78260869565217
76.69565217391305
76.6086956521739
76.52173913043478
76.43478260869566
76.34782608695653
76.26086956521739
76.17391304347827
76.08695652173914
76.0
75.91304347826086
75.82608695652175
75.73913043478261
75.65217391304347
75.56521739130434
75.47826086956522
75.39130434782608
75.30434782608695
75.21739130434783
75.13043478260869
75.04347826086956
74.95652173913044
74.86956521739131
74.78260869565217
74.69565217391305
74.60869565217392
74.52173913043478
74.43478260869566
74.34782608695653
74.26086956521739
74.17391304347825
74.08695652173914
74.0
73.91304347826086
73.82608695652173
73.73913043478261
73.65217391304347
73.56521739130434
73.47826086956522
73.3913043478261
73.30434782608695
73.21739130434783
73.1304347826087
73.04347826086956
72.95652173913044
72.86956521739131
72.78260869565217
72.69565217391303
72.60869565217392
72.52173913043478
72.43478260869564
72.34782608695653
72.26086956521739
72.17391304347827
72.08695652173913
72.0
71.91304347826087
71.82608695652173
71.73913043478261
71.65217391304348
71.56521739130434
71.47826086956522
71.3913043478261
71.30434782608695
71.21739130434783
71.1304347826087
71.04347826086956
70.95652173913042
70.86956521739131
70.78260869565217
70.69565217391305
70.6086956521739
70.52173913043478
70.43478260869566
70.34782608695652
70.26086956521739
70.17391304347827
70.08695652173913
70.0
69.91304347826087
69.82608695652173
69.73913043478261
69.65217391304348
69.56521739130434
69.47826086956522
69.3913043478261
69.30434782608695
69.21739130434783
69.1304347826087
69.04347826086956
68.95652173913044
68.8695652173913
68.78260869565217
68.69565217391305
68.6086956521739
68.52173913043478
68.43478260869566
68.34782608695652
68.26086956521739
68.17391304347827
68.08695652173913
68.0
67.91304347826087
67.82608695652173
67.73913043478261
67.65217391304348
67.56521739130434
67.47826086956522
67.3913043478261
67.30434782608695
67.21739130434783
67.13043478260869
67.04347826086956
66.95652173913044
66.8695652173913
66.78260869565219
66.69565217391305
66.6086956521739
66.52173913043478
66.43478260869566
66.34782608695652
66.26086956521739
66.17391304347827
66.08695652173913
66.0
65.91304347826087
65.82608695652173
65.73913043478261
65.65217391304347
65.56521739130434
65.47826086956522
65.39130434782608
65.30434782608697
65.21739130434783
65.13043478260869
65.04347826086956
64.95652173913044
64.8695652173913
64.78260869565217
64.69565217391305
64.6086956521739
64.52173913043478
64.43478260869566
64.34782608695652
64.26086956521739
64.17391304347827
64.08695652173914
64.0
63.91304347826087
63.82608695652174
63.73913043478261
63.65217391304348
63.56521739130435
63.47826086956522
63.391304347826086
63.30434782608696
63.21739130434783
63.13043478260869
63.04347826086957
62.95652173913043
62.8695652173913
62.78260869565217
62.69565217391304
62.60869565217392
62.52173913043478
62.43478260869565
62.34782608695652
62.26086956521739
62.17391304347826
62.08695652173913
62.0
61.91304347826087
61.82608695652174
61.73913043478261
61.65217391304347
61.56521739130435
61.47826086956522
61.39130434782609
61.30434782608696
61.21739130434782
61.1304347826087
61.04347826086956
60.95652173913043
60.86956521739131
60.78260869565217
60.69565217391304
60.608695652173914
60.52173913043478
60.43478260869565
60.34782608695652
60.26086956521739
60.17391304347826
60.08695652173913
60.0
59.913043478260875
59.82608695652174
59.73913043478261
59.652173913043484
59.56521739130435
59.47826086956521
59.39130434782609
59.30434782608695
59.21739130434782
59.130434782608695
59.04347826086956
58.95652173913043
58.869565217391305
58.78260869565217
58.69565217391305
58.608695652173914
58.52173913043478
58.434782608695656
58.34782608695652
58.26086956521739
58.173913043478265
58.08695652173913
57.99999999999999
57.913043478260875
57.826086956521735
57.7391304347826
57.652173913043484
57.565217391304344
57.47826086956521
57.391304347826086
57.30434782608695
57.21739130434783
57.130434782608695
57.04347826086956
56.95652173913044
56.869565217391305
56.78260869565217
56.69565217391305
56.608695652173914
56.52173913043478
56.434782608695656
56.34782608695652
56.260869565217384
56.173913043478265
56.086956521739125
56.00000000000001
55.913043478260875
55.826086956521735
55.739130434782616
55.65217391304348
55.565217391304344
55.47826086956522
55.391304347826086
55.30434782608695
55.21739130434783
55.130434782608695
55.04347826086956
54.95652173913044
54.869565217391305
54.78260869565217
54.69565217391305
54.608695652173914
54.52173913043479
54.434782608695656
54.347826086956516
54.2608695652174
54.17391304347826
54.086956521739125
54.0
53.91304347826087
53.826086956521735
53.73913043478261
53.65217391304348
53.565217391304344
53.47826086956522
53.391304347826086
53.30434782608696
53.21739130434783
53.130434782608695
53.04347826086957
52.95652173913044
52.8695652173913
52.78260869565218
52.69565217391305
52.60869565217391
52.52173913043479
52.43478260869565
52.347826086956516
52.26086956521739
52.17391304347826
52.086956521739125
52.0
51.91304347826087
51.82608695652174
51.73913043478261
51.65217391304348
51.56521739130435
51.47826086956522
51.391304347826086
51.30434782608696
51.21739130434783
51.13043478260869
51.04347826086957
50.95652173913044
50.8695652173913
50.78260869565218
50.69565217391304
50.60869565217392
50.52173913043478
50.43478260869565
50.34782608695652
50.26086956521739
50.17391304347826
50.08695652173913
50.0
49.913043478260875
49.826086956521735
49.73913043478261
49.65217391304348
49.56521739130435
49.47826086956522
49.391304347826086
49.30434782608696
49.21739130434782
49.130434782608695
49.04347826086956
48.95652173913044
48.869565217391305
48.78260869565217
48.69565217391305
48.608695652173914
48.52173913043478
48.434782608695656
48.347826086956516
48.26086956521739
48.17391304347826
48.08695652173913
48.0
47.91304347826087
47.82608695652174
47.73913043478261
47.65217391304348
47.56521739130435
47.47826086956522
47.391304347826086
47.30434782608695
47.21739130434783
47.130434782608695
47.04347826086956
46.95652173913044
46.869565217391305
46.78260869565217
46.69565217391305
46.608695652173914
46.52173913043478
46.43478260869565
46.34782608695652
46.26086956521739
46.17391304347826
46.08695652173913
46.0
45.91304347826087
45.82608695652174
45.73913043478261
45.65217391304348
45.565217391304344
45.47826086956522
45.391304347826086
45.30434782608695
45.21739130434783
45.130434782608695
45.04347826086956
44.95652173913044
44.869565217391305
44.78260869565218
44.69565217391304
44.608695652173914
44.52173913043478
44.43478260869565
44.34782608695652
44.26086956521739
44.173913043478265
44.086956521739125
44.0
43.913043478260875
43.826086956521735
43.73913043478261
43.65217391304348
43.56521739130435
43.47826086956522
43.391304347826086
43.30434782608696
43.21739130434782
43.130434782608695
43.04347826086957
42.95652173913043
42.869565217391305
42.78260869565217
42.69565217391305
42.608695652173914
42.52173913043478
42.434782608695656
42.347826086956516
42.26086956521739
42.173913043478265
42.08695652173913
42.0
41.91304347826087
41.82608695652174
41.73913043478261
41.65217391304348
41.56521739130435
41.47826086956522
41.391304347826086
41.30434782608695
41.21739130434783
41.130434782608695
41.04347826086956
40.95652173913044
40.869565217391305
40.78260869565217
40.69565217391305
40.608695652173914
40.52173913043478
40.43478260869565
40.34782608695652
40.26086956521739
40.17391304347826
40.08695652173913
40.0
39.91304347826087
39.82608695652174
39.73913043478261
39.65217391304348
39.565217391304344
39.47826086956522
39.391304347826086
39.30434782608695
39.21739130434783
39.130434782608695
39.04347826086956
38.95652173913044
38.869565217391305
38.78260869565218
38.69565217391304
38.608695652173914
38.52173913043478
38.43478260869565
38.34782608695652
38.26086956521739
38.173913043478265
38.08695652173913
38.0
37.913043478260875
37.826086956521735
37.73913043478261
37.65217391304348
37.565217391304344
37.47826086956522
37.391304347826086
37.30434782608696
37.21739130434783
37.130434782608695
37.04347826086957
36.95652173913043
36.869565217391305
36.78260869565217
36.69565217391305
36.608695652173914
36.52173913043478
36.434782608695656
36.347826086956516
36.26086956521739
36.173913043478265
36.08695652173913
36.0
35.91304347826087
35.82608695652174
35.73913043478261
35.65217391304348
35.56521739130435
35.47826086956521
35.391304347826086
35.30434782608695
35.21739130434783
35.130434782608695
35.04347826086956
34.95652173913044
34.869565217391305
34.78260869565217
34.69565217391305
34.608695652173914
34.52173913043478
34.43478260869565
34.34782608695652
34.26086956521739
34.17391304347826
34.08695652173913
34.0
33.91304347826087
33.82608695652174
33.73913043478261
33.65217391304348
33.565217391304344
33.47826086956522
33.39130434782609
33.30434782608695
33.21739130434783
33.130434782608695
33.04347826086956
32.95652173913044
32.869565217391305
32.78260869565217
32.69565217391304
32.608695652173914
32.52173913043478
32.43478260869565
32.34782608695652
32.26086956521739
32.17391304347826
32.08695652173913
32.0
31.91304347826087
31.82608695652174
31.73913043478261
31.65217391304348
31.565217391304344
31.478260869565215
31.391304347826086
31.30434782608696
31.217391304347824
31.130434782608695
31.043478260869566
30.956521739130434
30.869565217391305
30.782608695652176
30.695652173913047
30.60869565217391
30.52173913043478
30.434782608695656
30.34782608695652
30.26086956521739
30.17391304347826
30.08695652173913
30.0
29.91304347826087
29.826086956521742
29.739130434782606
29.652173913043477
29.565217391304348
29.478260869565215
29.391304347826086
29.304347826086957
29.217391304347828
29.130434782608695
29.043478260869566
28.956521739130437
28.8695652173913
28.782608695652172
28.695652173913043
28.608695652173914
28.52173913043478
28.434782608695652
28.347826086956523
28.26086956521739
28.17391304347826
28.086956521739133
28.000000000000004
27.913043478260867
27.82608695652174
27.73913043478261
27.652173913043477
27.565217391304348
27.47826086956522
27.391304347826086
27.304347826086957
27.217391304347828
27.1304347826087
27.043478260869563
26.956521739130434
26.869565217391305
26.782608695652172
26.695652173913043
26.608695652173914
26.521739130434785
26.43478260869565
26.347826086956523
26.260869565217394
26.173913043478258
26.08695652173913
26.0
25.91304347826087
25.82608695652174
25.73913043478261
25.65217391304348
25.565217391304344
25.47826086956522
25.39130434782609
25.30434782608696
25.217391304347824
25.130434782608695
25.043478260869566
24.956521739130437
24.869565217391305
24.782608695652176
24.695652173913043
24.60869565217391
24.52173913043478
24.434782608695652
24.347826086956523
24.26086956521739
24.173913043478258
24.08695652173913
24.0
23.91304347826087
23.82608695652174
23.73913043478261
23.652173913043477
23.565217391304348
23.47826086956522
23.391304347826086
23.304347826086957
23.217391304347824
23.130434782608695
23.043478260869566
22.956521739130434
22.869565217391305
22.782608695652172
22.695652173913043
22.608695652173914
22.52173913043478
22.434782608695652
22.34782608695652
22.26086956521739
22.17391304347826
22.086956521739133
22.0
21.913043478260867
21.82608695652174
21.73913043478261
21.65217391304348
21.565217391304348
21.478260869565215
21.391304347826086
21.304347826086957
21.217391304347828
21.130434782608695
21.043478260869566
20.956521739130434
20.869565217391305
20.782608695652176
20.695652173913043
20.608695652173914
20.52173913043478
20.434782608695652
20.347826086956523
20.26086956521739
20.17391304347826
20.08695652173913
20.0
19.91304347826087
19.82608695652174
19.73913043478261
19.652173913043477
19.565217391304348
19.47826086956522
19.39130434782609
19.304347826086957
19.217391304347824
19.130434782608695
19.043478260869566
18.956521739130437
18.869565217391305
18.782608695652172
18.695652173913043
18.608695652173914
18.521739130434785
18.434782608695652
18.347826086956523
18.26086956521739
18.173913043478258
18.086956521739133
18.0
17.91304347826087
17.82608695652174
17.739130434782606
17.652173913043477
17.565217391304348
17.47826086956522
17.391304347826086
17.304347826086957
17.217391304347824
17.130434782608695
17.043478260869566
16.956521739130434
16.869565217391305
16.782608695652172
16.695652173913047
16.608695652173914
16.52173913043478
16.434782608695652
16.34782608695652
16.26086956521739
16.17391304347826
16.08695652173913
16.0
15.91304347826087
15.82608695652174
15.739130434782608
15.65217391304348
15.565217391304348
15.478260869565217
15.391304347826088
15.304347826086955
15.217391304347828
15.130434782608695
15.043478260869565
14.956521739130435
14.869565217391303
14.782608695652174
14.695652173913043
14.608695652173914
14.521739130434783
14.43478260869565
14.347826086956522
14.26086956521739
14.173913043478262
14.08695652173913
14.000000000000002
13.91304347826087
13.826086956521738
13.73913043478261
13.652173913043478
13.56521739130435
13.478260869565217
13.391304347826086
13.304347826086957
13.217391304347824
13.130434782608697
13.043478260869565
12.956521739130435
12.869565217391305
12.782608695652172
12.695652173913045
12.608695652173912
12.521739130434783
12.434782608695652
12.347826086956522
12.26086956521739
12.173913043478262
12.086956521739129
12.0
11.91304347826087
11.826086956521738
11.73913043478261
11.652173913043478
11.565217391304348
11.478260869565217
11.391304347826086
11.304347826086957
11.217391304347826
11.130434782608695
11.043478260869566
10.956521739130434
10.869565217391305
10.782608695652174
10.695652173913043
10.608695652173914
10.521739130434783
10.434782608695652
10.347826086956522
10.26086956521739
10.173913043478262
10.08695652173913
10.0
9.91304347826087
9.826086956521738
9.73913043478261
9.652173913043478
9.565217391304348
9.478260869565219
9.391304347826086
9.304347826086957
9.217391304347826
9.130434782608695
9.043478260869566
8.956521739130435
8.869565217391303
8.782608695652174
8.695652173913043
8.608695652173912
8.521739130434783
8.434782608695652
8.347826086956523
8.26086956521739
8.17391304347826
8.08695652173913
8.0
7.91304347826087
7.82608695652174
7.739130434782608
7.652173913043478
7.565217391304348
7.478260869565218
7.391304347826087
7.304347826086957
7.217391304347825
7.130434782608695
7.043478260869565
6.956521739130435
6.869565217391305
6.782608695652175
6.695652173913043
6.608695652173912
6.521739130434782
6.434782608695652
6.347826086956522
6.260869565217392
6.173913043478261
6.086956521739131
6.0
5.913043478260869
5.826086956521739
5.739130434782608
5.6521739130434785
5.565217391304348
5.478260869565217
5.391304347826087
5.304347826086957
5.217391304347826
5.130434782608695
5.043478260869565
4.956521739130435
4.869565217391305
4.782608695652174
4.695652173913043
4.608695652173913
4.521739130434783
4.434782608695651
4.3478260869565215
4.260869565217392
4.173913043478262
4.08695652173913
4.0
3.91304347826087
3.826086956521739
3.739130434782609
3.6521739130434785
3.5652173913043477
3.4782608695652173
3.3913043478260874
3.304347826086956
3.217391304347826
3.130434782608696
3.0434782608695654
2.9565217391304346
2.869565217391304
2.782608695652174
2.6956521739130435
2.608695652173913
2.5217391304347827
2.4347826086956523
2.3478260869565215
2.2608695652173916
2.1739130434782608
2.086956521739131
2.0
1.9130434782608694
1.8260869565217392
1.7391304347826086
1.652173913043478
1.565217391304348
1.4782608695652173
1.391304347826087
1.3043478260869565
1.2173913043478262
1.1304347826086958
1.0434782608695654
0.9565217391304347
0.8695652173913043
0.782608695652174
0.6956521739130435
0.6086956521739131
0.5217391304347827
0.43478260869565216
0.34782608695652173
0.26086956521739135
0.17391304347826086
0.08695652173913043
0
